 1 1  1  2  30   18   14   1
 2 1  1  2  30   28   29   2
 3 1  2  2  30   27   19   2
 4 1  1  2  30   40   34   3
 5 1  1  2  30   31   17   2
 6 1  2  2  30   49   37   3
 7 1  1  2  30   27   24   2
 9 1  2  2  30   36   39   3
10 1  1  2  30   45   50   4
11 1  1  2  30   60   45   3
12 1  2  2  30   86   48   4
13 1  1  2  30   51   44   3
14 1  1  2  30   47   42   3
15 1  2  2  30   32   33   3
17 1  1  2  30   17   43   3
 1 1  1  2  40   44   38   3
 4 1  1  2  40   32   24   2
 5 1  1  2  40   37   60   4
 6 1  2  2  40   46   58   4
 7 1  1  2  40   31   42   3
 8 1  1  2  40   40   47   4
 9 1  2  2  40   32   30   2
10 1  1  2  40   37   55   4
11 1  1  2  40   28   50   4
12 1  2  2  40   38   28   2
13 1  1  2  40   27   27   2
16 1  1  2  40   43   22   2
17 1  1  2  40   25   38   3
18 1  2  2  40   33   44   3
 1 1  1  2  30   20   30   2
 2 1  1  2  30   47   44   3
 3 1  2  2  30   43   37   3
 5 1  1  2  30   30   37   3
 6 1  2  2  30   30   41   3
 8 1  1  2  30   48   56   4
 9 1  2  2  30   55   53   4
11 1  2  2  30   34   48   4
13 1  1  2  30   30   59   4
14 1  1  2  30   28   28   2
15 1  2  2  30   32   45   3
17 1  1  2  30   31   36   3
18 1  2  2  30   23   40   3
 1 1  1  2  50   32   27   2
 2 1  1  2  50   31   26   2
 4 1  1  2  50   52   56   4
 5 1  1  2  50   76   39   3
 7 1  1  2  50   64   59   4
 9 1  2  2  50   37   34   3
11 1  1  2  50   29   52   4
12 1  2  2  50   25   34   3
13 1  1  2  50   35   37   3
14 1  1  2  50   25   38   3
15 1  2  2  50   30   30   2
16 1  1  2  50   31   40   3
17 1  1  2  50   42   41   3
18 1  2  2  50   25   27   2
 1 1  1  2  50   29   36   3
 3 1  1  2  50   36   29   2
 4 1  2  2  50   37   47   4
 6 1  1  2  50   55   56   4
 7 1  2  2  50   23   24   2
 9 1  1  2  50   21   47   4
10 1  2  2  50   33   36   3
11 1  1  2  50   44   41   3
12 1  1  2  50   39   34   3
14 1  2  2  50   41   46   4
15 1  1  2  50   30   36   3
16 1  1  2  50   29   37   3
17 1  2  2  50   32   36   3
18 1  1  2  50   55   36   3
19 1  1  2  50   45   31   3
20 1  2  2  50   33   37   3
 1 1  1  2  50   31   52   4
 2 1  1  2  50   36   36   3
 3 1  2  2  50   40   45   3
 4 1  1  2  50   31   36   3
 5 1  1  2  50   25   30   2
 7 1  2  2  50   26   29   2
 8 1  1  2  50   57   37   3
 9 1  1  2  50   38   36   3
10 1  2  2  50   30   38   3
12 1  1  2  50   23   27   2
14 1  1  2  50   35   36   3
15 1  1  2  50   37   50   4
18 1  1  2  50   45   47   4
19 1  2  2  50   32   32   3
 1 1  1  2  30   27   55   4
 2 1  1  2  30   34   48   4
 5 1  1  2  30   35   52   4
 7 1  1  2  30   47   57   4
 8 1  1  2  30   42   51   4
12 1  2  2  30   69   57   4
13 1  1  2  30   22   50   4
14 1  1  2  30   80   52   4
15 1  2  2  30   32   39   3
17 1  1  2  30   36   46   4
18 1  2  2  30   28   55   4
 1 1  1  2  40   51   33   3
 2 1  1  2  40   23   45   3
 3 1  2  2  40   53   57   4
 5 1  1  2  40   43   51   4
 6 1  2  2  40   35   42   3
 7 1  1  2  40   41   33   3
 8 1  1  2  40   28   46   4
 9 1  1  2  40   27   20   2
10 1  1  2  40   39   48   4
11 1  1  2  40   38   26   2
12 1  2  2  40   45   55   4
13 1  1  2  40   41   52   4
14 1  1  2  40   35   43   3
15 1  2  2  40   30   30   2
16 1  1  2  40   34   44   3
17 1  1  2  40   23   40   3
 6 1  1  2  40   21   46   4
 7 1  2  2  40   27   50   4
 8 1  1  2  40   33   55   4
 9 1  1  2  40   40   51   4
10 1  2  2  40   50   60   4
12 1  1  2  40   39   44   3
14 1  1  2  40   28   43   3
16 1  2  2  40   65   51   4
17 1  1  2  40   31   51   4
 1 1  1  1  30   52   47   4
 3 1  2  1  30   30   53   4
 6 1  2  1  30   38   57   4
 8 1  1  1  30   54   57   4
10 1  1  1  30   45   59   4
12 1  2  1  30   47   56   4
15 1  2  1  30   50   54   4
18 1  2  1  30   29   54   4
 5 1  1  1  30   44   50   4
 7 1  1  1  30   58   41   3
 8 1  1  1  30   41   59   4
11 1  1  1  30   44   52   4
 1 1  1  1  30   20   47   4
 3 1  2  1  30   28   42   3
10 1  1  1  30   29   51   4
11 1  1  1  30   36   60   4
16 1  1  1  30  110   60   4
17 1  1  1  30   42   51   4
18 1  2  1  30  141   55   4
 1 1  1  1  50   42   35   3
 4 1  1  1  50   48   40   3
 8 1  1  1  50   39   28   2
 9 1  2  1  50   37   22   2
11 1  1  1  50   43   60   4
12 1  2  1  50   68   33   3
13 1  1  1  50   35   31   3
15 1  2  1  50   48   39   3
16 1  1  1  50   44   32   3
17 1  1  1  50   61   33   3
18 1  2  1  50   49   28   2
 1 1  1  1  50   39   29   2
 1 1  1  1  50   39   29   2
 5 1  1  1  50   32   53   4
 5 1  1  1  50   32   27   2
 6 1  1  1  50   52   38   3
 6 1  1  1  50   52   38   3
 8 1  1  1  50   39   29   2
 8 1  1  1  50   39   29   2
 9 1  1  1  50   72   60   4
 9 1  1  1  50   72   60   4
10 1  2  1  50   79   38   3
10 1  2  1  50   79   38   3
11 1  1  1  50   47   22   2
11 1  1  1  50   47   22   2
12 1  1  1  50   16   32   3
14 1  2  1  50   31   26   2
14 1  2  1  50   31   26   2
 1 1  1  1  50   34   30   2
 2 1  1  1  50   55   21   2
 3 1  2  1  50   51   30   2
 4 1  1  1  50   75   32   3
 5 1  1  1  50   34   30   2
 7 1  1  1  50   48   22   2
 8 1  2  1  50   51   30   2
11 1  1  1  50   35   39   3
12 1  2  1  50   67   47   4
13 1  1  1  50   52   32   3
17 1  1  1  50   61   55   4
18 1  2  1  50   45   50   4
20 1  1  1  50   77   44   3
22 1  1  1  50   66   35   3
24 1  2  1  50   48   45   3
25 1  1  1  50   89   36   3
 2 1  1  1  50   59   38   3
 3 1  2  1  50   69   37   3
 5 1  1  1  50   81   28   2
 6 1  2  1  50   35   39   3
 9 1  2  1  50   73   52   4
10 1  1  1  50   96   41   3
 2 1  1  1  40   63   26   2
 3 1  2  1  40   60   54   4
 4 1  1  1  40   36   48   4
 5 1  1  1  40   52   48   4
 6 1  2  1  40   40   39   3
 7 1  1  1  40   47   53   4
 8 1  1  1  40   30   30   2
 9 1  2  1  40   74   45   3
10 1  1  1  40   32   44   3
11 1  1  1  40   49   45   3
12 1  2  1  40   67   33   3
13 1  1  1  40   32   39   3
14 1  1  1  40   37   45   3
15 1  2  1  40   42   41   3
16 1  1  1  40   77   53   4
 1 1  1  1  40   37   58   4
 3 1  2  1  40   67   43   3
 4 1  1  1  40   43   56   4
 8 1  1  1  40   58   52   4
11 1  1  1  40   29   35   3
12 1  2  1  40   97   51   4
13 1  1  1  40   41   41   3
14 1  1  1  40   60   48   4
15 1  2  1  40   86   50   4
16 1  1  1  40   60   50   4
17 1  1  1  40   49   54   4
18 1  2  1  40   43   44   3
 7 1  1  1  50   25   21   2
 8 1  1  1  50   80   55   4
 1 1  1  1  40   38   32   3
 2 1  1  1  40   43   59   4
 5 1  1  1  40  134   51   4
 6 1  2  1  40   70   58   4
 7 1  1  1  40   28   41   3
 8 1  1  1  40   41   53   4
 9 1  2  1  40   73   35   3
11 1  1  1  40   70   50   4
12 1  2  1  40   58   46   4
13 1  1  1  40   55   37   3
15 1  2  1  40   92   57   4
16 1  1  1  40   34   39   3
 4 2  1  2  30   51   31   3
 6 2  2  2  30   66   40   3
 7 2  1  2  30   34   27   2
 8 2  1  2  30   30   41   3
 9 2  2  2  30   37   51   4
11 2  1  2  30   57   41   3
12 2  2  2  30   31   32   3
13 2  1  2  30   64   42   3
14 2  1  2  30   31   29   2
15 2  2  2  30   52   31   3
16 2  1  2  30   55   48   4
17 2  1  2  30   33   37   3
18 2  2  2  30   39   40   3
19 2  1  2  30   39   41   3
20 2  1  2  30   40   35   3
21 2  2  2  30   46   27   2
22 2  1  2  30   36   41   3
23 2  1  2  30   33   25   2
24 2  2  2  30   33   21   2
26 2  1  2  30   54   43   3
28 2  1  2  30   26   24   2
29 2  1  2  30   41   24   2
30 2  2  2  30   42   47   4
31 2  1  2  30   65   42   3
32 2  1  2  30   64   44   3
33 2  2  2  30   40   34   3
34 2  1  2  30   73   28   2
35 2  1  2  30   37   32   3
36 2  2  2  30   43   25   2
37 2  1  2  30   46   37   3
38 2  1  2  30   40   29   2
40 2  1  2  30   37   45   3
41 2  1  2  30   57   36   3
42 2  2  2  30   58   45   3
43 2  1  2  30   34   23   2
44 2  1  2  30   37   29   2
45 2  2  2  30   29   32   3
46 2  1  2  30   38   26   2
47 2  1  2  30   47   42   3
48 2  2  2  30   32   29   2
49 2  1  2  30   74   28   2
50 2  1  2  30   44   40   3
51 2  2  2  30   38   35   3
52 2  1  2  30   55   44   3
53 2  1  2  30   42   40   3
54 2  2  2  30   66   40   3
55 2  1  2  30   31   30   2
56 2  1  2  30   38   40   3
58 2  1  2  30   16   32   3
60 2  2  2  30   32   18   2
 1 2  1  2  40   48   44   3
 2 2  1  2  40   57   57   4
 3 2  2  2  40   46   49   4
 4 2  1  2  40   64   30   2
 5 2  1  2  40   47   29   2
 6 2  2  2  40   28   25   2
 7 2  1  2  40   40   32   3
 8 2  1  2  40   30   20   2
 9 2  2  2  40   35   28   2
10 2  1  2  40   32   30   2
11 2  1  2  40  111   55   4
12 2  2  2  40   45   41   3
14 2  1  2  40   21   17   2
15 2  2  2  40   85   53   4
16 2  1  2  40   41   53   4
17 2  1  2  40   52   47   4
18 2  2  2  40   48   35   3
19 2  1  2  40   34   39   3
20 2  1  2  40   39   30   2
21 2  2  2  40   28   26   2
22 2  1  2  40   76   46   4
23 2  1  2  40   34   52   4
24 2  2  2  40   51   40   3
26 2  1  2  40   38   29   2
31 2  1  2  40   38   54   4
32 2  1  2  40   55   37   3
35 2  1  2  40   28   23   2
37 2  1  2  40   41   33   3
38 2  1  2  40   26   31   3
39 2  2  2  40   36   25   2
40 2  1  2  40   37   27   2
41 2  1  2  40   26   25   2
42 2  2  2  40   39   47   4
43 2  1  2  40   46   42   3
44 2  1  2  40   37   59   4
45 2  2  2  40   47   35   3
46 2  1  2  40   87   37   3
47 2  1  2  40   49   46   4
48 2  2  2  40   50   27   2
49 2  1  2  40   21   19   2
50 2  1  2  40   36   29   2
51 2  2  2  40   26   43   3
52 2  1  2  40   31   25   2
53 2  1  2  40   36   37   3
54 2  2  2  40   33   47   4
56 2  1  2  40   32   33   3
58 2  1  2  40   35   32   3
59 2  1  2  40   33   31   3
61 2  1  2  40   27   30   2
 1 2  1  2  50   60   42   3
 2 2  1  2  50   29   32   3
 3 2  2  2  50   35   22   2
 4 2  1  2  50   42   38   3
 5 2  1  2  50   37   35   3
 6 2  2  2  50   44   31   3
 7 2  1  2  50   38   27   2
 8 2  1  2  50   33   28   2
 9 2  2  2  50   53   37   3
12 2  2  2  50   32   11   1
13 2  1  2  50   44   37   3
14 2  1  2  50   58   29   2
15 2  2  2  50   37   11   1
16 2  1  2  50   41   53   4
17 2  1  2  50  119   51   4
18 2  2  2  50   67   38   3
19 2  1  2  50   76   32   3
20 2  1  2  50   40   21   2
21 2  2  2  50   50   25   2
22 2  1  2  50   49   22   2
23 2  1  2  50   51   26   2
24 2  2  2  50   27   18   2
25 2  1  2  50   52   35   3
26 2  1  2  50   31   36   3
27 2  2  2  50   44   16   2
28 2  1  2  50   53   54   4
29 2  1  2  50   43   40   3
30 2  2  2  50   44   37   3
31 2  1  2  50   69   14   1
32 2  1  2  50   69   24   2
33 2  2  2  50   32   12   1
34 2  1  2  50   27   20   2
35 2  1  2  50   26   31   3
36 2  2  2  50   26   21   2
37 2  1  2  50   44   17   2
38 2  1  2  50   43   26   2
39 2  2  2  50   51   15   1
40 2  1  2  50   37   22   2
41 2  1  2  50   49   25   2
42 2  2  2  50   42   40   3
43 2  1  2  50   27   15   1
44 2  1  2  50   64   23   2
45 2  2  2  50   47   31   3
46 2  1  2  50   47   38   3
47 2  1  2  50   51   49   4
48 2  2  2  50   58   51   4
49 2  1  2  50   65   55   4
50 2  1  2  50   48   13   1
51 2  2  2  50   49   19   2
52 2  1  2  50   35   20   2
53 2  1  2  50   86   16   2
55 2  1  2  50   66   28   2
56 2  1  2  50   38   22   2
57 2  2  2  50   35   21   2
58 2  1  2  50   34   31   3
59 2  1  2  50   39   39   3
60 2  2  2  50   49   26   2
61 2  1  2  50   52   32   3
62 2  1  2  50   29   21   2
63 2  2  2  50   53   44   3
 1 2  1  1  30   42   48   4
 2 2  1  1  30   24   28   2
 3 2  2  1  30   52   43   3
 4 2  1  1  30   33   37   3
 5 2  1  1  30   54   45   3
 6 2  2  1  30   22   46   4
 7 2  1  1  30   32   47   4
 8 2  1  1  30   35   53   4
 9 2  2  1  30   48   55   4
10 2  1  1  30   49   45   3
11 2  1  1  30   29   33   3
12 2  2  1  30   40   47   4
13 2  1  1  30   33   47   4
14 2  1  1  30   50   28   2
16 2  1  1  30   32   57   4
17 2  1  1  30   31   24   2
18 2  2  1  30   46   56   4
19 2  1  1  30   29   55   4
20 2  1  1  30   21   11   1
21 2  2  1  30   41   48   4
22 2  1  1  30   44   36   3
23 2  1  1  30   27   24   2
24 2  2  1  30   24   58   4
25 2  1  1  30   29   33   3
26 2  1  1  30   35   29   2
28 2  1  1  30   27   28   2
29 2  1  1  30   39   34   3
31 2  1  1  30   50   58   4
32 2  1  1  30   27   28   2
34 2  1  1  30   24   31   3
35 2  1  1  30   41   39   3
36 2  2  1  30   47   43   3
37 2  1  1  30   51   59   4
38 2  1  1  30   34   32   3
39 2  2  1  30   64   36   3
41 2  1  1  30   34   39   3
42 2  2  1  30   44   32   3
43 2  1  1  30   28   27   2
44 2  1  1  30   43   33   3
45 2  2  1  30   45   34   3
47 2  1  1  30   45   55   4
48 2  2  1  30   31   40   3
50 2  1  1  30   32   39   3
51 2  2  1  30   39   39   3
52 2  1  1  30   34   39   3
53 2  1  1  30   32   48   4
54 2  2  1  30   52   40   3
55 2  1  1  30   31   46   4
56 2  1  1  30   54   54   4
57 2  2  1  30   30   40   3
58 2  1  1  30   37   46   4
60 2  2  1  30   29   54   4
 1 2  1  1  40   36   33   3
 2 2  1  1  40   29   41   3
 3 2  2  1  40   54   40   3
 4 2  1  1  40   48   47   4
 5 2  1  1  40   33   33   3
 6 2  2  1  40   26   33   3
 7 2  1  1  40   45   55   4
 8 2  1  1  40   49   36   3
 9 2  2  1  40   30   33   3
10 2  1  1  40   27   24   2
11 2  1  1  40   30   30   2
13 2  1  1  40   54   20   2
14 2  1  1  40   32   26   2
15 2  2  1  40   41   41   3
16 2  1  1  40   27   28   2
17 2  1  1  40   71   30   2
18 2  2  1  40   31   28   2
19 2  1  1  40   30   23   2
21 2  2  1  40   32   29   2
22 2  1  1  40   29   17   2
23 2  1  1  40   24   34   3
24 2  2  1  40   52   24   2
25 2  1  1  40   23   21   2
26 2  1  1  40   36   23   2
27 2  2  1  40   35   29   2
28 2  1  1  40   22   24   2
29 2  1  1  40   45   43   3
30 2  2  1  40   28   43   3
31 2  1  1  40   32   34   3
32 2  1  1  40   47   31   3
33 2  2  1  40   41   41   3
35 2  1  1  40   49   37   3
36 2  2  1  40   44   39   3
37 2  1  1  40   66   59   4
38 2  1  1  40   21   21   2
39 2  2  1  40   48   47   4
40 2  1  1  40   45   24   2
41 2  1  1  40   52   32   3
42 2  2  1  40   53   41   3
44 2  1  1  40   46   46   4
46 2  2  1  40   29   39   3
47 2  1  1  40   43   55   4
49 2  1  1  40   51   29   2
51 2  1  1  40   49   59   4
52 2  1  1  40   49   48   4
53 2  2  1  40   44   26   2
54 2  1  1  40   23   27   2
55 2  1  1  40   57   36   3
56 2  2  1  40   51   60   4
57 2  1  1  40   45   46   4
58 2  1  1  40   35   32   3
59 2  2  1  40   27   39   3
60 2  1  1  40   46   51   4
61 2  1  1  40   28   34   3
62 2  1  1  40   47   45   3
 1 2  1  1  50   33   24   2
 2 2  1  1  50   39   41   3
 3 2  2  1  50   44   36   3
 4 2  1  1  50   33   23   2
 8 2  1  1  50   33   29   2
 9 2  2  1  50   27   19   2
10 2  1  1  50   18   17   2
12 2  2  1  50   30   22   2
13 2  1  1  50   23   16   2
14 2  1  1  50   59   30   2
15 2  2  1  50   28   30   2
16 2  1  1  50   38   23   2
18 2  2  1  50   34   36   3
19 2  1  1  50   29   34   3
20 2  1  1  50   25   12   1
21 2  2  1  50   45   36   3
22 2  1  1  50   28   15   1
23 2  1  1  50   23   18   2
24 2  2  1  50   27   26   2
25 2  1  1  50   31   21   2
26 2  1  1  50   46   14   1
27 2  2  1  50   49   48   4
28 2  1  1  50   32   24   2
30 2  2  1  50   33   18   2
31 2  1  1  50   41   21   2
32 2  1  1  50   35   28   2
33 2  2  1  50   31   28   2
34 2  1  1  50   36   24   2
35 2  1  1  50   26   21   2
36 2  2  1  50   37   16   2
37 2  1  1  50  110   34   3
38 2  1  1  50   40   34   3
39 2  2  1  50   30   3    1
40 2  1  1  50   47   31   3
41 2  1  1  50   37   28   2
42 2  2  1  50   72   60   4
43 2  1  1  50   40   35   3
44 2  1  1  50   47   33   3
45 2  2  1  50   58   19   2
46 2  1  1  50   38   40   3
47 2  1  1  50   29   18   2
48 2  2  1  50   47   18   2
49 2  1  1  50   34   27   2
50 2  1  1  50   43   21   2
51 2  2  1  50   23   13   1
52 2  1  1  50   27   23   2
53 2  1  1  50   62   49   4
54 2  2  1  50   41   20   2
55 2  1  1  50   56   30   2
56 2  1  1  50   47   31   3
57 2  2  1  50   39   12   1
58 2  1  1  50   61   36   3
59 2  1  1  50   60   35   3
60 2  2  1  50   39   27   2
 1 3  1  2  30   34   59   4
 3 3  2  2  30   66   51   4
 4 3  1  2  30   51   43   3
 5 3  1  2  30   34   52   4
 6 3  2  2  30   37   50   4
 7 3  1  2  30   35   52   4
10 3  1  2  30   66   55   4
12 3  2  2  30   39   59   4
13 3  1  2  30   75   54   4
15 3  2  2  30   56   24   2
18 3  2  2  30   67   51   4
25 3  1  2  30   25   36   3
26 3  1  2  30   52   47   4
28 3  1  2  30   49   36   3
29 3  1  2  30   43   33   3
31 3  1  2  30   77   44   3
34 3  1  2  30   37   58   4
35 3  1  2  30   27   34   3
36 3  2  2  30   43   50   4
40 3  1  2  30   31   33   3
41 3  1  2  30   45   60   4
42 3  2  2  30   40   50   4
44 3  1  2  30   28   59   4
45 3  2  2  30   25   40   3
47 3  1  2  30   35   34   3
48 3  2  2  30   19   46   4
50 3  1  2  30   32   54   4
51 3  2  2  30   54   48   4
52 3  1  2  30   34   58   4
53 3  1  2  30   62   52   4
54 3  2  2  30   76   43   3
55 3  1  2  30   71   58   4
56 3  1  2  30   53   60   4
58 3  1  2  30   30   51   4
61 3  1  2  30   19   11   1
 1 3  1  2  40   31   28   2
 2 3  1  2  40   21   23   2
 3 3  2  2  40   30   30   2
 4 3  1  2  40   23   25   2
 5 3  1  2  40   43   43   3
 6 3  2  2  40   23   27   2
 8 3  1  2  40   60   48   4
 9 3  2  2  40   40   21   2
10 3  1  2  40   75   40   3
11 3  1  2  40   25   22   2
13 3  1  2  40   27   22   2
14 3  1  2  40   64   39   3
15 3  2  2  40   46   46   4
16 3  1  2  40   53   38   3
17 3  1  2  40   27   23   2
18 3  2  2  40   27   39   3
20 3  1  2  40   45   33   3
21 3  2  2  40   54   36   3
22 3  1  2  40   26   17   2
23 3  1  2  40   53   38   3
24 3  2  2  40   23   38   3
25 3  1  2  40   39   38   3
27 3  2  2  40   32   19   2
28 3  1  2  40   32   49   4
29 3  1  2  40   26   36   3
30 3  2  2  40   28   30   2
31 3  1  2  40   45   55   4
32 3  1  2  40   34   43   3
33 3  2  2  40   29   36   3
34 3  1  2  40   34   37   3
36 3  2  2  40   31   26   2
37 3  1  2  40   68   37   3
38 3  1  2  40   33   33   3
39 3  2  2  40   30   25   2
40 3  1  2  40   43   52   4
41 3  1  2  40   32   32   3
42 3  1  2  40   36   29   2
43 3  1  2  40   37   44   3
44 3  1  2  40   91   51   4
45 3  2  2  40   23   22   2
46 3  1  2  40   39   40   3
47 3  1  2  40   52   46   4
49 3  1  2  40   60   56   4
50 3  1  2  40   39   26   2
51 3  2  2  40   47   30   2
52 3  1  2  40   32   40   3
54 3  2  2  40   45   44   3
55 3  1  2  40   55   39   3
56 3  1  2  40   22   14   1
58 3  1  2  40   31   59   4
 1 3  1  2  50   29   23   2
 2 3  1  2  50   46   44   3
 3 3  1  2  50   41   34   3
 4 3  1  2  50  106   53   4
 6 3  2  2  50   75   56   4
 7 3  1  2  50   57   46   4
 9 3  2  2  50   36   26   2
10 3  1  2  50   43   27   2
12 3  2  2  50   78   48   4
13 3  1  2  50   25   18   2
14 3  1  2  50   80   49   4
15 3  2  2  50   98   35   3
16 3  1  2  50   68   32   3
17 3  1  2  50   40   19   2
18 3  2  2  50  122   34   3
19 3  1  2  50   29   35   3
20 3  1  2  50   32   34   3
21 3  2  2  50   84   33   3
22 3  1  2  50   51   46   4
24 3  2  2  50   76   55   4
25 3  1  2  50   43   33   3
26 3  1  2  50   71   22   2
27 3  2  2  50   33   29   2
28 3  1  2  50   80   25   2
29 3  1  2  50   44   27   2
31 3  1  2  50   34   31   3
32 3  1  2  50  102   47   4
33 3  2  2  50   39   21   2
35 3  1  2  50   57   28   2
36 3  2  2  50   36   20   2
37 3  1  2  50   87   31   3
38 3  1  2  50   59   28   2
39 3  2  2  50   51   18   2
40 3  1  2  50   72   32   3
41 3  1  2  50   56   44   3
42 3  2  2  50   53   33   3
43 3  1  2  50   46   43   3
44 3  1  2  50   51   55   4
45 3  2  2  50   38   22   2
46 3  1  2  50   67   59   4
47 3  1  2  50   48   49   4
48 3  2  2  50   44   28   2
50 3  1  2  50   41   38   3
51 3  2  2  50   36   45   3
52 3  1  2  50   58   25   2
53 3  1  2  50   28   23   2
54 3  2  2  50   59   27   2
55 3  1  2  50   30   12   1
56 3  1  2  50   52   41   3
57 3  2  2  50   71   35   3
58 3  1  2  50   38   40   3
59 3  1  2  50   36   19   2
60 3  2  2  50   34   21   2
61 3  1  2  50   52   26   2
63 3  1  2  50   45   27   2
64 3  1  2  50   27   21   2
 1 3  1  1  30   30   29   2
 2 3  1  1  30   32   55   4
 3 3  2  1  30   24   37   3
 5 3  1  1  30   36   50   4
 6 3  2  1  30   43   50   4
 9 3  2  1  30   37   37   3
10 3  1  1  30   41   43   3
12 3  2  1  30   84   45   3
13 3  1  1  30   25   33   3
14 3  1  1  30   57   48   4
16 3  1  1  30   30   41   3
18 3  2  1  30   39   44   3
20 3  1  1  30   63   58   4
21 3  2  1  30   74   44   3
22 3  1  1  30   40   54   4
26 3  1  1  30   34   44   3
27 3  2  1  30   35   36   3
29 3  1  1  30   54   50   4
31 3  1  1  30   21   38   3
35 3  1  1  30   27   26   2
36 3  2  1  30   39   58   4
37 3  1  1  30   34   57   4
39 3  2  1  30   26   57   4
40 3  1  1  30   29   56   4
41 3  1  1  30   47   54   4
42 3  2  1  30   42   55   4
43 3  1  1  30   64   29   2
44 3  1  1  30   43   50   4
45 3  2  1  30   81   56   4
47 3  1  1  30   65   47   4
48 3  2  1  30   27   49   4
49 3  1  1  30   47   51   4
50 3  1  1  30   47   51   4
51 3  2  1  30   31   49   4
53 3  1  1  30   19   39   3
55 3  1  1  30   49   56   4
57 3  2  1  30   35   59   4
 2 3  1  1  40   63   53   4
 3 3  2  1  40   35   25   2
 4 3  1  1  40   39   22   2
 5 3  1  1  40   63   19   2
 6 3  2  1  40   42   40   3
 7 3  1  1  40   30   30   2
 8 3  1  1  40   57   34   3
 9 3  2  1  40   28   48   4
10 3  1  1  40   17   36   3
11 3  1  1  40  145   44   3
12 3  2  1  40   31   28   2
14 3  1  1  40   29   16   2
16 3  1  1  40   31   36   3
17 3  1  1  40   25   6    1
18 3  2  1  40   26   18   2
19 3  1  1  40   41   7    1
20 3  1  1  40   48   18   2
21 3  2  1  40   86   52   4
22 3  1  1  40   53   44   3
23 3  1  1  40   59   48   4
24 3  2  1  40   21   9    1
25 3  1  1  40   49   28   2
27 3  2  1  40   37   18   2
28 3  1  1  40   33   35   3
29 3  1  1  40   34   16   2
30 3  2  1  40   76   47   4
32 3  1  1  40   41   29   2
35 3  1  1  40   27   22   2
36 3  2  1  40   30   35   3
37 3  1  1  40   41   22   2
38 3  1  1  40   52   28   2
39 3  2  1  40   31   40   3
40 3  1  1  40   38   43   3
41 3  1  1  40   37   18   2
42 3  2  1  40   18   19   2
43 3  1  1  40   31   44   3
44 3  1  1  40   49   31   3
45 3  2  1  40   58   34   3
46 3  1  1  40   25   16   2
47 3  1  1  40   38   19   2
48 3  2  1  40   61   39   3
50 3  2  1  40   25   16   2
51 3  1  1  40   34   34   3
52 3  1  1  40   37   16   2
54 3  2  1  40   40   30   2
55 3  1  1  40   47   36   3
56 3  1  1  40   75   13   1
57 3  2  1  40   41   14   1
58 3  1  1  40   31   26   2
59 3  1  1  40   23   42   3
60 3  2  1  40   58   39   3
 1 3  1  1  50   61   30   2
 2 3  1  1  50   57   35   3
 3 3  2  1  50   77   20   2
 4 3  1  1  50   53   35   3
 5 3  1  1  50   85   29   2
 6 3  2  1  50   62   34   3
 7 3  1  1  50   67   40   3
 8 3  1  1  50   38   28   2
 9 3  2  1  50   71   23   2
11 3  1  1  50   31   38   3
12 3  2  1  50   31   31   3
15 3  1  1  50   41   42   3
16 3  1  1  50   27   29   2
17 3  1  1  50   46   31   3
18 3  2  1  50   31   29   2
19 3  1  1  50   43   31   3
20 3  1  1  50   60   44   3
21 3  2  1  50   49   31   3
22 3  1  1  50   55   42   3
23 3  1  1  50   32   24   2
24 3  2  1  50   36   29   2
25 3  1  1  50   47   45   3
26 3  1  1  50   52   32   3
27 3  2  1  50   49   21   2
28 3  1  1  50   56   50   4
29 3  1  1  50   71   40   3
31 3  1  1  50   49   47   4
33 3  2  1  50   41   19   2
34 3  1  1  50   31   23   2
35 3  1  1  50   30   43   3
37 3  1  1  50   29   22   2
39 3  2  1  50   35   16   2
40 3  1  1  50   29   29   2
41 3  1  1  50   63   37   3
42 3  2  1  50   86   54   4
43 3  1  1  50   70   48   4
44 3  1  1  50   29   32   3
45 3  2  1  50   71   53   4
46 3  1  1  50   30   27   2
47 3  1  1  50   41   30   2
48 3  2  1  50   32   26   2
49 3  1  1  50   34   12   1
50 3  1  1  50   51   31   3
51 3  2  1  50   73   27   2
52 3  1  1  50   50   24   2
53 3  1  1  50   39   23   2
54 3  2  1  50   42   20   2
55 3  1  1  50   26   17   2
56 3  1  1  50   50   18   2
57 3  2  1  50   36   24   2
58 3  1  1  50   55   22   2
59 3  1  1  50   42   31   3
60 3  2  1  50   44   35   3
 1 4  1  1  30  103   50   4
 3 4  2  1  30   52   51   4
 4 4  1  1  30   61   44   3
 6 4  2  1  30   42   40   3
 8 4  1  1  30   36   33   3
 9 4  2  1  30   64   42   3
11 4  1  1  30   44   29   2
12 4  2  1  30   80   47   4
13 4  1  1  30   73   35   3
14 4  1  1  30   78   46   4
16 4  1  1  30   65   36   3
18 4  2  1  30   72   55   4
 1 4  1  1  30   40   31   3
 2 4  1  1  30   64   48   4
 3 4  2  1  30   47   60   4
 4 4  1  1  30   32   24   2
 5 4  1  1  30   46   41   3
 6 4  2  1  30   43   14   1
 7 4  1  1  30   38   31   3
 8 4  1  1  30   58   54   4
 9 4  2  1  30   39   25   2
10 4  1  1  30   38   36   3
11 4  1  1  30   34   42   3
12 4  2  1  30   33   26   2
13 4  1  1  30   37   16   2
14 4  1  1  30   38   39   3
15 4  2  1  30   26   21   2
17 4  1  1  30   80   50   4
18 4  2  1  30   35   50   4
 1 4  1  1  30   41   38   3
 2 4  1  1  30   66   48   4
 3 4  2  1  30   41   41   3
 4 4  1  1  30   53   46   4
 5 4  1  1  30   30   18   2
 6 4  2  1  30   50   59   4
 7 4  1  1  30   47   42   3
 8 4  1  1  30   58   52   4
 9 4  2  1  30   56   41   3
10 4  1  1  30   49   47   4
11 4  1  1  30   37   37   3
14 4  1  1  30   35   48   4
15 4  2  1  30   63   35   3
16 4  1  1  30   89   52   4
17 4  1  1  30   58   52   4
 3 4  2  1  40   15   55   4
 4 4  1  1  40   29   44   3
 6 4  2  1  40   57   31   3
 8 4  1  1  40   37   26   2
 9 4  2  1  40   32   40   3
10 4  1  1  40   44   37   3
11 4  1  1  40   24   33   3
12 4  2  1  40   31   45   3
13 4  1  1  40   30   54   4
14 4  1  1  40   25   35   3
16 4  1  1  40   33   41   3
18 4  2  1  40   37   46   4
 1 4  1  1  40   24   40   3
 3 4  2  1  40   27   41   3
 4 4  1  1  40   32   30   2
 5 4  1  1  40   31   46   4
 6 4  2  1  40   41   37   3
 7 4  1  1  40   28   33   3
 8 4  1  1  40   26   36   3
 9 4  2  1  40   25   53   4
10 4  1  1  40   38   31   3
11 4  1  1  40   45   38   3
12 4  2  1  40   27   40   3
13 4  1  1  40   37   36   3
14 4  1  1  40   27   34   3
15 4  2  1  40   29   36   3
16 4  1  1  40   42   32   3
18 4  2  1  40   35   42   3
 1 4  1  1  40   29   43   3
 2 4  1  1  40   48   45   3
 3 4  2  1  40   38   49   4
 4 4  1  1  40   27   26   2
 6 4  2  1  40   25   25   2
 7 4  1  1  40   42   37   3
 8 4  1  1  40   27   37   3
 9 4  2  1  40   28   27   2
10 4  1  1  40   29   31   3
11 4  1  1  40   29   30   2
12 4  2  1  40   35   36   3
14 4  1  1  40   34   29   2
16 4  1  1  40   34   34   3
17 4  1  1  40   42   51   4
18 4  2  1  40   42   35   3
 1 4  1  1  50   43   27   2
 2 4  1  1  50   38   48   4
 3 4  2  1  50  107   54   4
 4 4  1  1  50   40   42   3
 5 4  1  1  50   32   30   2
 6 4  2  1  50   63   46   4
 7 4  1  1  50   42   38   3
 8 4  1  1  50   31   33   3
 9 4  2  1  50   52   36   3
10 4  1  1  50  114   41   3
11 4  1  1  50   80   37   3
12 4  2  1  50  128   30   2
13 4  1  1  50   97   36   3
14 4  1  1  50   90   44   3
15 4  2  1  50   97   39   3
17 4  1  1  50   47   47   4
18 4  2  1  50   92   49   4
 1 4  1  1  50   60   25   2
 2 4  2  1  50   71   43   3
 3 4  2  1  50   39   35   3
 4 4  1  1  50   38   30   2
 5 4  1  1  50   39   24   2
 6 4  2  1  50  104   26   2
 7 4  1  1  50   57   34   3
 8 4  2  1  50   84   19   2
 9 4  2  1  50   94   52   4
10 4  2  1  50   26   28   2
11 4  1  1  50   32   37   3
12 4  2  1  50  103   33   3
13 4  1  1  50   44   20   2
15 4  2  1  50   75   40   3
16 4  1  1  50  105   43   3
17 4  1  1  50   49   48   4
18 4  2  1  50   75   40   3
 1 4  1  1  50   25   33   3
 2 4  1  1  50   37   38   3
 5 4  2  1  50   29   59   4
 6 4  1  1  50   78   38   3
 7 4  1  1  50   40   35   3
 8 4  1  1  50   90   53   4
10 4  1  1  50   30   24   2
11 4  1  1  50   71   47   4
13 4  1  1  50   39   25   2
 1 4  1  2  30  102   57   4
 3 4  2  2  30   37   54   4
 4 4  1  2  30   45   42   3
 5 4  1  2  30  122   54   4
 6 4  2  2  30   40   29   2
 7 4  1  2  30  105   38   3
11 4  1  2  30   76   25   2
12 4  2  2  30  103   48   4
13 4  1  2  30   85   41   3
14 4  1  2  30  107   42   3
15 4  2  2  30   84   35   3
16 4  1  2  30  129   46   4
17 4  1  2  30   60   59   4
 1 4  1  2  30   34   50   4
 2 4  1  2  30   86   31   3
 5 4  1  2  30   43   37   3
 7 4  1  2  30   70   50   4
 8 4  1  2  30   61   38   3
 9 4  2  2  30  103   58   4
10 4  1  2  30   34   47   4
12 4  2  2  30   46   51   4
13 4  1  2  30   74   49   4
14 4  1  2  30   73   28   2
16 4  1  2  30  101   37   3
18 4  2  2  30   65   44   3
 1 4  1  2  30   48   40   3
 4 4  2  2  30   58   43   3
 5 4  1  2  30   43   39   3
 8 4  1  2  30   73   38   3
 9 4  1  2  30   40   56   4
11 4  1  2  30   38   37   3
14 4  1  2  30   47   30   2
15 4  1  2  30   75   27   2
16 4  2  2  30   30   17   2
17 4  1  2  30   35   25   2
18 4  1  2  30   40   49   4
19 4  2  2  30   74   32   3
 1 4  1  2  40   37   37   3
 2 4  1  2  40   31   37   3
 5 4  1  2  40   27   45   3
 7 4  1  2  40   35   33   3
11 4  2  2  40   80   41   3
12 4  1  2  40   24   32   3
14 4  2  2  40   33   36   3
16 4  1  2  40   72   57   4
 1 4  1  2  40   23   30   2
 2 4  1  2  40   36   44   3
 3 4  2  2  40   36   46   4
 4 4  1  2  40   26   29   2
 6 4  2  2  40   47   27   2
 7 4  1  2  40   29   49   4
 8 4  1  2  40   19   39   3
10 4  1  2  40   21   38   3
13 4  1  2  40   48   44   3
14 4  1  2  40   68   44   3
15 4  2  2  40   39   29   2
 1 4  1  2  40   46   60   4
 2 4  1  2  40   25   33   3
 3 4  2  2  40   46   38   3
 4 4  1  2  40   38   35   3
 7 4  1  2  40   31   37   3
 8 4  2  2  40   29   29   2
 9 4  1  2  40   22   33   3
10 4  1  2  40   29   31   3
12 4  1  2  40   33   39   3
14 4  2  2  40   39   41   3
15 4  1  2  40   38   43   3
16 4  1  2  40   26   30   2
17 4  2  2  40   32   31   3
18 4  1  2  40   22   25   2
19 4  1  2  40   27   30   2
20 4  2  2  40   45   47   4
21 4  1  2  40   58   40   3
22 4  1  2  40   28   34   3
23 4  2  2  40   48   40   3
 1 4  1  2  50   52   38   3
 3 4  2  2  50   77   33   3
 4 4  1  2  50   42   23   2
 5 4  1  2  50   31   33   3
 6 4  2  2  50   32   28   2
 7 4  1  2  50   43   43   3
 8 4  1  2  50   27   27   2
 9 4  2  2  50   95   40   3
10 4  1  2  50   35   29   2
11 4  1  2  50   79   18   2
12 4  2  2  50   27   16   2
13 4  1  2  50   23   21   2
14 4  1  2  50   77   35   3
15 4  2  2  50   33   21   2
16 4  1  2  50   76   60   4
17 4  1  2  50   79   30   2
18 4  2  2  50   76   24   2
 1 4  1  2  50   65   39   3
 2 4  1  2  50   46   27   2
 4 4  1  2  50   36   33   3
 5 4  1  2  50   42   49   4
 6 4  2  2  50   39   16   2
 7 4  1  2  50   67   39   3
 8 4  1  2  50   30   35   3
 9 4  2  2  50   97   55   4
10 4  1  2  50   51   22   2
11 4  1  2  50   84   44   3
12 4  2  2  50   61   35   3
13 4  1  2  50   43   55   4
14 4  1  2  50   44   39   3
15 4  2  2  50   36   35   3
16 4  1  2  50   22   36   3
17 4  1  2  50   32   26   2
18 4  2  2  50   74   24   2
 1 4  2  2  50   40   46   4
 2 4  1  2  50   39   54   4
 3 4  1  2  50   45   59   4
 4 4  1  2  50   30   27   2
 5 4  1  2  50   23   26   2
 6 4  2  2  50   52   36   3
 7 4  1  2  50   23   39   3
 8 4  1  2  50   34   36   3
 9 4  2  2  50   39   42   3
10 4  1  2  50   32   34   3
11 4  1  2  50   56   37   3
12 4  2  2  50   40   29   2
13 4  1  2  50   27   36   3
15 4  2  2  50   42   57   4

